4 1
117 129 1
51 1
41 1
117 1
65 1
107 1
129 1
122 1
29 122 1
133 29 122 65 62 1
51 41 1
65 41 1
71 1
29 1
29 65 97 51 41 1
63 1
133 29 122 51 41 1
120 1
98 1
29 41 1
29 74 97 51 41 1
23 1
147 1
29 51 41 1
20 57 125 116 108 44 1
97 1
79 1
57 1
133 29 62 41 1
125 1
8 1
112 1
142 1
136 1
62 1
132 1
122 107 62 133 29 65 51 112 97 41 1
133 29 62 65 97 51 41 1
120 65 97 1
52 1
2 40
63 2 72 115
2 72
2 95
147 2
63 2
2 56
2 115
2 140
147 2 61
2 1
75 2 58 72
2 117 129 85
2 129
2 61
63 2 115
2 111
2
2 80 95
2 93
2 117 79
2 80
63 2 140 61
2 140 58
75 2 129
2 72 95
2 58
2 11
2 137
2 40 72
75 2 72
2 111 85
75 147 2 40 72 95
2 99
75 147 2 40 95
2 41 85
128 2
2 85
2 40 95
3 38
102 3
3
4 44
4 84
4 20
4 41
47 55 114 87 5
65 70 6
70 6
65 6
112 6
74 6
74 6 111
19 6
58 6
145 6
39 6
70 39 6
6
65 6 111
6 111
54 6
65 70 97 6
65 41 6
6 88
7 9 126 21
7 126
7 28
7 104
7 60 28
8 115
95 141 112 107 59 70 8 39 6 49
63 8 115
143 8
123 97 8 141 6 30
61 8
8 129
59 70 8
140 8
23 140 8
8 12
63 8
23 63 8
23 8
8 118
77 8
39 101 145 143 59 70 8 141 49 30
8 141
8 57
23 63 61 8
136 8
56 8
23 61 8
23 63 77 140 8 118 115 12
59 8 141
132 8
8
59 8 39
63 61 8
147 8
23 52 63 77 140 61 64 8 12 24
64 8
145 8
63 61 8 12
59 8
104 8
11 85
11 115
61 11
23 11
40 11
78 11
63 12
23 12
12
17 12 57
140 12
63 140 12
77 12
64 12
61 12
147 12
13
13 126
7 13
13 53
9 14 148 93 38
14 60
14 105
43 15
76 15
108 15
15
132 104 15
104 15
63 61 15
8 15
17 33
68 27 17 36 138
69 17
17 110
17 52
17 76
17 46
17 76 138 45
17 36 46
27 17
17
17 36
17 76 46 52
68 17
17 52 46
17 138
53 17
109 18
4 130 84 18
109 113 18
4 130 18
144 18
113 18
19
78 29 19 62 65 41 6 85
128 19
19 28
103 19
125 116 20
125 20
125 44 20
57 20
44 125 116 57 20
44 20
4 125 44 20
125 116 57 20
112 20
33 20
125 116 44 20
53 20
44 4 125 116 127 20
4 125 116 44 20
57 125 116 44 20
116 20
20
108 20
125 116 108 44 20
125 108 20
125 108 44 20
4 116 44 20
45 112 20
43 125 44 20
51 20
125 57 20
17 20
4 44 20
116 44 20
4 125 20
125 116 17 44 20
23 63 125 116 20
57 125 116 17 44 20
125 116 112 17 44 20
45 125 116 112 17 20
4 125 116 20
1 4 125 116 44 20
1 125 116 20
112 17 20
4 125 116 108 20
112 33 20
4 125 116 108 44 20
125 116 108 20
45 112 33 20
1 33 45 112 17 44 20
45 125 116 17 33 20
45 33 20
45 136 125 116 17 20
45 136 4 125 116 17 20
1 20
45 136 33 20
45 136 17 33 20
1 116 20
23 20
23 63 1 125 116 140 61 20
23 63 1 125 140 116 61 20
136 20
118 20
23 63 125 140 116 61 20
23 63 116 61 20
23 63 61 20
125 130 129 116 61 38 57 20 23 63 93 56 108 41 1
23 63 125 116 140 61 108 20
23 63 125 116 61 20
100 20
23 63 140 116 61 20
23 4 63 116 61 127 20
23 63 116 140 61 20
45 20
136 116 20
4 116 20
23 116 20
69 27 138 20
23 136 116 20
68 20
21
113 22
22 82
22 106
23 93 85
23 57
23 77 140
23 93
23 43
23 102
23 115
23 63 93 38
23 63
23 116
23 63 93 115
23 63 115
23 63 93
23 108
23
23 125
23 1 43 2 117 93 8 85
23 93 38
23 136
23 118
23 104 93
23 117
23 77
23 140
23 1 85
23 125 116 57
23 1 43 125 2 117 74 93 8 85
23 64
23 43 56 8
23 63 2 93 115
23 136 1
148 2 21 85 43 125 130 8 129 74 79 38 23 117 93 1
23 85
23 125 93
23 63 43 140 116
23 125 116
23 1 136 117 93 85
23 56
23 148
23 111
23 43 12
23 63 117 79
23 63 117
23 136 63
23 63 140
23 140 64 118
23 24
23 61
23 63 61
108 24
43 24
15 24
118 24
43 108 24
64 118 24
43 33 24
33 24
57 24
140 64 24
25 89
25 90
54 25 90
54 25
25 114
25 78
25 143
26 117
26 103
26 64
26 140
27 76 33
27 138
27 36
68 146 27 138
146 27
27 138 45
27 45
69 27 96 138 45
27 96
27 36 46
27 76
53 27
69 27
27 76 45
27 46
68 146 27 138 45
27 36 110
68 146 27
28 51
28 79
63 28 79
63 28
136 28
28 93
28 134
14 28
9 28 51
9 28
28 107
148 28
28 65
128 28
28 19
14 60 28
29 28 65 51
28 41
148 98 28
28 51 41
98 28
29 97
29 41
29 65
29
6 30
30
54 30
40 30
74 30
7 32
14 32
4 32
32 104
32 137
112 33
33 45
112 33 45
53 33 45
53 33
53 112 33 45
33
112 17 33
33 46
46 112 33 45
27 33 45
69 33
33 138
76 33 52
27 33
33 52
76 33
53 112 33
142 33
45 53 33 46
110 33
17 76 33 46
36 46
112 36
36 17 76 46
36 76
53 36 110 45
36 45
27 36 138
36 17 76 33 45
36 33
46 36 76 33 45
36 138
46 68 36 138 45
68 36
36 46 52
46 36 17 76 33 45
36 52
37 135
37 85
37 117
37 135 48
37 48
37 89 99 48 85
26 37 48
37
37 117 85
37 103
37 50 89
37 48 85
37 89
37 135 103 48
26 37
37 66 19 48
37 135 48 85
37 135 99 85
37 135 19 48 85
37 19
37 50
37 78
37 78 135 48
37 99 85
37 59
37 99 59
37 135 99
37 99
37 30
37 135 50
128 37 48
37 50 48
37 91
37 78 59 79
37 88
37 73
37 88 73
37 46
37 53
60 38
144 38
70 39
101 39
59 70 39
59 39
112 39
145 39
95 39
80 59 39
80 39
145 70 39
40 39
80 59 70 39
39 41
39 142
123 39
75 147 40
80 40
147 40
41 115
107 41
117 41
4 41 1
65 41
29 65 107 97 41 1
133 41
51 41
98 41
29 51 41
58 41
62 41 1
122 41
63 41
62 41
133 29 122 62 65 41 1
41
133 29 122 107 62 65 51 41 97 1
65 107 97 41 1
65 97 41
133 29 122 62 41
133 29 122 62 107 51 41
136 41
41 142
133 62 107 41
112 41
133 29 51 41
65 97 41 1
2 41
75 41
133 29 62 107 65 51 41
41 39
133 122 62 41
133 112 62 107 65 51 41
133 62 41
133 29 65 107 62 51 41 1
97 41
63 61 51 41 1
4 41 84
133 122 112 62 65 97 41
133 29 107 51 41 1
136 137 41
62 107 136 29 65 51 6 145 120 97 41
4 130 41 84
120 51 41
97 51 41
120 29 65 62 97 51 41
145 41
41 84
136 120 145 62 65 97 51 41 107
41 85
29 62 65 97 51 41
120 97 51 41
128 41
136 120 29 145 62 65 97 51 41
63 2 41
59 41
120 145 41
120 145 59 41
120 29 145 62 65 97 51 41
120 41
61 41
148 28 41
42
32 42
42 137
42 130
42 113
42 131
42 106
119 42
42 121
43 132
43 61
43 104
43 25
43 132 104
43 104 108 57
43 108
43 132 108
43 140
43 23
43 93
43 63 12
43 56
43 23 63 115
43 57
43 63
43 116
43 23 63
43
43 77 115
43 132 104 108
43 12
43 115
43 63 23
43 23 140
43 63 23 140 116 61 12 57
44 127
32 130 137 44
125 44
109 44 18
4 116 108 44
44 18
109 44
137 44
20 125 108 44 1
18 4 32 125 130 109 108 44 84
17 44
1 4 18 32 130 109 17 108 44 84
84 4 32 130 109 137 44 18
4 32 125 116 44
125 108 44
32 44
4 125 108 44
44
125 144 108 44
4 44 18
113 44
108 44
4 125 116 108 44 57
43 125 51 44 4 116 57 20 108 41 12 1
125 44 18
43 44
1 4 92 116 109 57 20 43 125 130 93 113 137 108 144 17 44 18
46 52
76 46
8 46
46 33
46
76 46 33
53 36 46
52 46 33
45 17 76 46 33
68 46
27 76 46 45
46 45
17 46 33
17 36 46 33
47
47 5
47 114
47 55 87 5
47 90
47 12
47 55
47 87 5
47 55 5
47 114 87
47 86 114
47 55 86 104 114
47 104
48 95
48 85
50 85
128 51
145 51
63 51
52 57
140 52
76 52
52 46
45 52 46
102 52
63 52
56 52
52 115
27 52
77 52
53 138
53 64
53 45
53 110
13 53 69 138
53 27 138 45
53 27 36 46 45
53 69
53 27 110
68 53 138 45
68 53
53 96
68 53 146 27 138
53 138 45
53 69 45
54 132 55
54 108
54 90
54 86
54 136
54 103
54 143
54 137
54 137 62
54 136 137
54 143 137
54 117
54 136 83 117
54 83
132 55
47 132 55 114 5
55 129
55 5
47 132 55 136 114 5
55 104
55 114
132 55 104
55 61
132 55 114
47 132 55 63 114 5
25 55 114
55 57
54 25 55 132 47 104 114 5 90
132 25 55 104
132 25 55
25 55
43 55
55 130
148 55 130
54 55
25 55 104
47 132 55 25 114 5
148 55 130 21
132 55 61
47 132 55 114 104 5
132 47 55 61
132 55 114 5
47 25 55 104
47 25 55 132 104
132 54 55 114 5
43 132 55
132 25 55 54 47 114 104 5
55 46
55 147 61
55 87 5
55 114 87 5
132 55 114 87 5
55 87
47 25 55
55 2 93 115
148 55 130 93 21
55 114 5
47 25 55 132
55 2 72 95
47 132 55
55 108
55 143
55 2 95
55 73
55 147
55
55 2
55 2 61
132 47 55 114 87 5
47 55 90
47 55 114
140 56
116 56
61 56
3 56
56 138
17 56
56 12
56
43 56 57
125 56
36 56
56 118
93 56
64 56
63 56 115
63 56
56 115
56 139
56 57
117 56
117 56 111
140 61 56
56 111
102 56
56 12 115
2 61 56 129
140 56 115
147 56
56 76 52
116 57
64 118 57
125 57
125 116 57
118 57
57 115
17 57
44 57 20
57
57 52
140 57
77 57
125 57 44
23 63 20 125 140 116 57 44
57 12
57 44
20 57 44
64 57
108 57
23 63 57
1 125 116 57 20
20 4 44 125 116 57 1
15 57
140 43 125 64 44 4 118 57 23 63 41 12 1
85 43 125 57 1
125 17 57
64 118 57 12
57 46
63 57
133 57
116 57 24
140 64 118 57 24
63 118 57
43 63 140 61 64 108 118 57
58 115
75 58
58 61
58 48
58 62 41
132 58
78 58
80 59
101 59
29 59 51 41
59 51
60 94
7 60
148 2 21 85 136 147 130 142 3 61 41
77 61
61
63 61
61 15
136 61
61 21
128 61
140 61
23 63 77 61 76
116 61
147 61
63 140 61
61 64
12 136 2 3 61 130 8 21 41 85
61 104
136 148 2 61 41 85
47 61
63 147 61 8 12
136 148 2 61 8 41 12 85
147 61 12
3 61
125 61
136 148 63 140 61 8 41 85
47 55 61 104
62
19 62
62 65 97
62 65 41
62 65
120 62
62 129
112 62 65 97 51 41
122 62
137 62
62 107 65 97 41
62 6
128 120 62
62 97
63 79
63 140
63 115
63
63 93
63 148
63 136
23 63 12
148 2 21 85 129 74 63 117 93 115 1
63 116
23 63 117 93 8 115 1
63 129
63 111
63 117
63 85
63 95
63 118 12 57
63 147
63 125
85 63 2 117 93 8 1
2 21 85 128 9 129 8 51 74 79 111 63 14 93 41 1
63 64
23 63 140 93
63 140 93
23 63 43
63 41 85
63 130
116 64 8
77 140 46 64 8 24 116 61 23 63 76 52 12
64 15
98 65
133 29 122 65 62 97 41 1
65 97
65 70
4 98 65
29 65 62 97 6
71 65 97
71 65
65
65 62 97 70 6
71 65 62
71 65 62 97
65 62
65 62 97 6
71 29 122 65 62 97 6
4 65
71 65 62 97 70 6
71 65 97 70 6
145 65
65 62 70 97 6
112 65 6
71 112 65 62 97 6
71 65 6
71 112 65 62 97
71 133 29 122 65 62 107 51 41 1
120 65
122 62 107 133 29 65 51 6 120 112 41 1
122 65
122 65 97
71 65 97 6
112 65
65 97 6
65 84
65 59
66 65
66 117
68 27
68 53 45
68
68 112
68 53 27 45
68 138
68 45
68 17 45
68 146 138 45
68 27 138
68 69 96
68 146 138
68 146
68 110
68 76
68 96
68 69 146 96 138
69 45
13 69 138
69 36 96 138
69 96 45
69 138
68 69 96 138 45
69 36 138
69 146 27 36
69 96
69 27 110 96 138 45
59 70
128 70
66 70
145 59 70 39
101 70
128 103 143 70
107 70
145 70
80 145 19 65 59 70 6
70
133 80 145 65 62 70 6
145 65 70 6
83 70
65 70 39 6
75 72
40 72
108 73
114 73
73
43 73
87 73
15 73
104 73
132 73
125 73
144 73
25 104 73
25 73
90 73
86 73
33 73
63 74
74
75 80 112 8
75 129
85 63 75 2 117 61 58 112 8 1
75 2 40 72
75 40
75 147
75 147 40 72
75 95
76 45
76 46 45
76 33 45
76 52 33
64 76
77 3 61
77 140
77 140 3 61
77 115
23 77 115
77 147
43 77
23 63 77
77 56 8 115
77
77 118
23 63 77 140 61 115
77 12 57
77 76
77 64
23 77 52
63 77
78 75
2 79
19 79
79 85
148 79
72 79
59 79
79 91
78 79
2 40 91 85 128 136 9 51 72 79 63 78
78 50 99 79 85
135 79
80 95
80 112
80 2
80 2 72
80 40 95
75 80 2 40 72 95
147 80
119 81
119 82
144 82
83 117
83 103
83 143
132 83
83
26 83
78 85
115 85
1 117 74 85
61 85
117 129 85
1 85
1 78 66 117 74 11 129 41 85
66 117 85
63 2 72 85
58 85
1 78 66 2 117 58 72 129 41 85
1 66 117 129 41 85
2 11 85 75 58 129 74 72 111 78 117 1
37 78 135 89 99 48 11 85
139 85
1 2 117 74 129 111 85
90 85
1 78 2 117 74 11 129 41 111 85
37 135 85
2 11 85 75 58 129 74 72 78 117 41 1
89 99 85
58 11 85
78 58 11 85
99 48 11 85
78 99 48 11 85
117 85
89 99 48 85
111 85
23 63 85
1 41 85
2 11 85 66 58 74 111 63 78 117 41 1
40 85
59 85
99 85
78 135 58 99 85
66 85
50 89 11 91 85 135 58 37 78 99 48
74 85
135 99 79 85
8 85
99 79 85
86 112
86
86 33
86 111
86 69
50 86
86 112 33
86 142
86 108
71 86 123
71 86
71 86 142
132 86
37 86
86 90
55 86
86 123 142
136 86 142
86 95
136 86
86 143
86 137
132 86 104
136 86 137
86 114
86 87
88 6
54 88
86 88
88 73
5 90
103 90
90
25 5 90
78 90
142 90
86 142 90
143 90
25 143 90
71 90
137 90
54 143 137 90
123 142 90
123 90
87 90
128 90
123 86 90
128 91
40 91
40 95 91
4 92
32 93
63 61 93
61 93
93 129
93 129 38
3 93
43 104 93
93 141
147 93
14 32 93
93 38
144 93
28 94
95
147 95
40 95
128 95
72 95
96
96 33
96 138 45
146 96
69 96 138 45
68 69 146 27 96 138
96 138
68 96 138
96 46 138
107 97
4 97
97 51
123 97
59 97
148 98
98 79
100 99
99 11
37 78 135 89 99 58 48 11
86 99
80 101 112 59 70 95 39
80 101 145 95 70
101 79
80 101 112
80 101
101 141
101 112
102 93
7 102
102 94
102 64
102 21
9 102 21
9 102
102
103 117
132 104
104 93
104 108
43 104 108
116 104
104 21
43 140 104 93 108
43 140 104 93 108 57
43 23 140 104 93 108 57
43 104 93 108 57
116 104 57
104
104 93 108
23 104
148 104 93
125 104
104 141
132 104 108
100 104
104 61
38 105
34 106
34 113 106
113 106
144 106
109 113 106
34 144 131 106
121 106
107 51 84
112 107
107 95
107 62
4 80 145 107 95 62 85 136 75 120 29 137 65 97 51 41 6 84
77 108
140 108
43 116 93 108 57
108
47 108
114 108
43 140 108
61 108
20 125 116 108 57 44
23 63 108
20 43 125 116 108 57 44
26 99 108
43 93 108
43 125 108 44 20
43 108 57
125 108
125 108 57
132 108
125 116 104 108
125 116 108
125 116 108 57 20
109 113
144 109 131
144 109
92 109
144 109 113 106
110
27 110
27 110 138 45
110 138
36 110 138
68 53 110
27 110 138
110 138 45
69 110 96 138
27 17 110
68 146 110 138
110 96
110 45
146 110
111
137 111
74 111 6
88 111 6
64 111
111 6
85 111 6
140 111
112 27
53 112
112 45
53 112 45
53 112 27 45
112 17
53 112 27
112 110
112
53 112 17 45
68 53 112
68 53 112 27 45
112 17 45
112 95
80 112 95
68 112 27 76
112 76 45
20 53 112 27 45
75 112
68 53 112 45
68 53 112 27 76 45
80 112 6
112 27 45
123 112
71 112
112 62
131 113
34 113
109 113 106 18
144 113
132 114
132 47 55 114 5
114 5
47 114 5
47 55 114 5
2 114
132 114 108
114 90
114 104
47 114 104
114 85
114 15
114 137
75 114 72
114 87 5
114 87
55 114 87
114 143
114 93
114 143 5
114 137 143
114
114 143 137
47 55 114 87
115 12
117 115
147 115
118 115
3 115
140 115
116 115
63 147 140 61 115
115
63 2 117 93 56 129 41 115 1
61 115
85 2 117 56 129 41 115 1
129 115
15 115
118 115 57
117 129
117 39
117 59
128 117
117 11 41
117 79
85 66 117 1
2 117
26 117 143
117 38
117 19
71 117
117 61
63 117 61
3 118 127
46 140 61 76 118 12 57
118 46
132 77 118 12 142
140 8 24 116 61 118 23 63 76 52 12
136 147 17 118 33 45
119 67
119 42 121 67 131 144 22
119 22
119 121
120 107
120
120 51
120 97
120 59
121 22
121 42 106
121 67
121 113
121 144
121 131
136 123
123 142
128 103
129 8
61 129
23 129
140 129
78 129
94 129
60 129
7 60 28 129
130 84
130 21
130 41
130 51
130 127
131
92 32 131 109 130 84 18
92 131
131 137
32 131
4 92 131 130 109 84 18
131 144
4 131
131 84
131 109
131 109 18
131 18
119 131
131 106
34 131
131 141
131 127
4 131 109 130 106 84 18
132 15
132 47
132 47 55 114
54 47 114 43 132 25 55 104 90 86 108 15
132 54
132 114 104
132 61
132 5
132 25 104
132
132 25
132 25 54 47 55 104 114 5 90
54 47 114 43 132 25 55 104 5 90 86 108 15
132 47 5
132 3
132 147
132 55 5
132 55 87 5
132 147 61
132 104 114
132 55 114 87
132 25 73
132 87
132 2 95
132 108 15
133 62
133 62 65 1
133 122
133 62 1
133 62 41 1
133 41 1
133 99
133 98
133 136 1
133 107
133 1
134
13 102 126 134
136 142
71 136 137 142
136 63
136 39
136 137
71 136
136 9
136 142 41
136 51 79
136 62
143 137
137 41
137 87
71 137
54 137 90
138 45
36 138 46
68 27 138 45
138 33
27 17 138
68 69 27 138 45
77 146 138
146 138
33 138 45
69 36 138 45
46 33 69 76 138 45
69 138 45
76 138
68 146 96 138
76 138 45
146 138 45
36 96 138
46 52 76 138 45
46 76 138 45
139 141
139
40 139
120 139
137 139
140 117
147 140
63 140 85
147 140 61
140 2
140 118
63 77 140 61
140 64
136 123 142
97 142
59 142
136 86 97 142
143
81 144
144 127
119 42 81 67 144 121 131 22
67 144
144
34 144
144 131
144 109 130 106 84 18
119 144
119 42 121 67 144 131 22
42 144
144 22
42 121 144
119 42 121 67 144 131 22 82
119 42 81 121 144 131 22 82
119 42 121 144 22 82
119 42 121 144 106 22 82
29 145 65 41
29 145
146
146 45
146 27 138
147 3
147 111
63 147 140 61
148 41
148 61
148 140
