1285 858
468 81
417 416 411
127 125 126
126
288 290 293 289 292 291
306 407 409 408
473 479 475 474 114 477 476 478
282
282
282 607
686 110
579 574 576 575 577 578
575
201 199 200 114
201 199
199 117 384 197
868 199 364
115 112 118 113 114 117 116
113 114 117
113
63 62
815 924 634 925 923
542 48
466 467 120
466 239 467
77 78 55
856
782 856
856
644 130 189 643 645
545
545 185 186
664 68
158 157
30
30
129 128 99 30
120 130 30
30
365 99 366 30 87 80
792 30
842 841 65 30
30
751 935 30
30
30
1082 1081 1080 120
124 120 123 122 121
120
120
368 367
367
367
367
140 367
1270 640 367
136 140 137 138 139
41
41
41
41
962 41
41
109 429 41
41
41
767 766 765 570 81
765
770 773 774 227 772 771 742 769
878 874 454 875 341 325 877 876 872 873
442 441
441 492 491 493 490
441
441 325
1002 189
455 287 457 454 453 456
481 470 472 484 117 483 482 480 476
125 121
121
121
65 637
134 48
404 402 401 403 302
402
226 402
1148 74
570 1245
570 81 1245
70 68 69
68 98
68
68
68
68
158 245 751 68 1061
68
235 68 661
68 1238
68
68
219 220
219
219
219
219
155 156 137 154
154
503 408 502
661
661
1198 661
661
328 78 327
327
685 327 110
54 327
327 110
554 328 553 552
328
570
119
132 119
224 119
225 117 119
790 942 139 634 943 248 191 944 941
779 778 236
778
778
1029 778
778
54 1033 1034
557 558 555 556 55 559
939 940 938
955 954 938
938
1145 938
385 386 54
385 53
47 380
1306 114 1307 775
474 634 633
47 701 314 474 137 59
956 474
48
48
48
48
48
48
48
48
48
48
48
48 245
48
48
48
963 48
429 48 86 109 164
48
48
48
48
745 277 743 744 746 222 747
45 966 965 43
137
198 197 137
202 139 203 137 59
197 248 117 137 249
497 137 314
137
114 197 137
137
1069 1065 224 114 1070 59 634 1066 1067 1068 137
137
200 137
155 114 137
137
137
139 1070 137 1067
202 137
979 980 978 977 110
45 44 958 959
208
208
208
208
208
208
208
208
209 208
208
208
208
208
784 114 118 785
794 155 197 785 784 114 384 795
285 283 286 222 284
485
485 114 197 248
984 987 986 985
54
231 54 232 53 223
185 54
54 53
55 54
426 54 736
54
814 54 53
54
54
54
223 54
54
54
54
54
223 54
54
223 54
54
1242 54
54
816 815
325
53 325
325
325
325
325
325
325
325
325
325
325
325
187 189 188
187 415 411
187 411
853 961 187 772 411
187 838 411
210 211 213 212
316 210 317
37 39 36 38
36
390
390 420 419
140 390
390
627 390
390 420
390 420 793 419
390
390 420 793 419
390
390
390
390
390
390
390
390
390
798 797 796
796 949 414
796
829 828 744
81 969
991 940 873
114 156
47 114 181
114
114
224 197 114 334
114
114 323
114
114
114
224 114
114
114
114 912 118
114
114
114
968 114 1050
114 1132
155 1153 1152 114 692
114
155 114
114
42 43 45 44 46
45 324 42
42
42 324
45 42 607
45 324 42
42 324
1289 822
305 122
122
122
122
1228 1227 122
122
37
37
37
37
37
270 342
191 192
322
322 53
266 976 272 975 216 974
497 782 871
799 483
616
929 602 616 928 526
167 166 165
425 424 165
607 165
704 702 146 401 703
55
55
292 311 312 55
55
375 55 374
55
55 376
55
405 55 406
55 560
819 820 818 55 817
55
55
55 822
889 55 888
55
55
55
55
55
55 822
414 55
55
55
55
55
55
55 822
55
55 822
55
55
55
55
55
55
55
55
419
753 752 754 751
751
751 364
751
1101 1100 203 1099 1102
790 882 883
87
87
540 541 87
87
541 87
87 668 667
541 87 669
87
87 687
87
70 87 887
70 919 736 384 87
87 996
87
1027 87
224 541 87
1040 541 87
87
87
87
87
133 236 87
1232 87
65 87
87
87
364 363
536 535 47
486 239 467
303 302 301 304
414
414
414
414 1136
414
414
285 286 222 287
294 285
285
285
909 285
285
285
285
429
109 429 1020
426
902 446
248
45 1181
302
302
302
302
302
716 302
302
302
223 302
703
146 709 703
270 220
220
220
220
220
527 220
689 220
220
220
220
220
220
220
384 220
220
220
306
306 307
306 307
306 313
74 306 290
211
560 559
560
968
968
968
158 434 38
744
448 99
448
448
448
448
448
448 606 608 607
448
202
202
202
202
202
202
202
202
202
524 86 523
43
117 139
117
117
670 671 201 117 237
47 691 693 694 692 695
691 884
341 340
340
340 858
340
384
585 86
1047 332 1048
1072 1073 1053 1048
185 186 184
236 280 663
332 331
331
550
47 550
681 1089 775 181 985
422 423
86
86
86
86
86
897 86
86
239 447 446
224
224 775
224
65 411
411
280
280
280
940
940
940
239 238
238
602
364 213 602
602
177
177 79
177
125
125
125
125
125
125
128
228 229 227
773 227
665 541
130 930
930
960 80
65
65 79 80
65 80
65
65
65
786 65
65
332 1078 634
45 123
123
123
797 879
218 217 216
216
332
332
332
332
101
146 101 1051
101
147 146
146
146
146
527 369 1305 1304 81 1303
1012 81
852 853
526
919
919
904 493 491
472 471 470
685 110
192 748 59
471
401
401
70 76
45 324
45 1208 324
324
185 180
185
185 186
185
185 880
185 186
185
185
185
47 947 948
47
47
47
47
235 47 236
47
47
47
47 742
47 826
835 47 834 833 795
47
47
47
47
47
47
47
47
47
47
47
47
47
47
47
47
47
47
47
786 982
786 982
253 200 252 59
736
736
140 736 1221
742 1120 1121
369 370
369 370
369
1050
110
110
314
314
155
155
155
155
155 139
607
1091 44 1092
235 245
245
245
217 814
180
180
180
292 310
1145
200
200 1025 59
790
836 790 795
81
81
81
81
81
81
81
1003 81
81
81
81
81
81
81
81
81
81
81
158
186
186
186
223 1130 53
223
223 464
223
223
223
223
223
223 1174
223 464
223
223
223
266
266
266
266
266
266
671
671 237
681 680 682
237
237
99 100
99
99
99
99
99 239
99
527
53
53
53
272
838
810 139
420
420
420
420
423 463
423
423 447 1094
270
215
215
45 215
45 215
215
70
70
70
70
70
70
70
70
70
70
70
70
70
70
70
70
70
63 953
63 953
63 953
290
290
277
277
277
222
222
222 131
197
59
59
59
984 985
984
799
364
364
364
364
364
364
364
417 1015 1016
640 911
226 574
574
235
79
139
139
139
139
139
786
786
786
880
880
775
775
775
775
45 851
851
851
851
45
45
45
45
45
45
45
45
45
45
45 822
45
45
45
45
45
45
767
497
497
236
236
236
236
963
323
484
140 605
130
130
130
130
130
130
1061
63
63 209
63
63 779
563 203
640
640
640
640
640
640
640
109
109
140
140
213
213
213
213
213
213
213
213
213
213
213
74
74
74
132
132
44 46
100
133
133
133
78
682
447
447
239
239
239
239
634
634
634
634
634
634
781 782
131
822
822
226
463
782
464
457
203
44
1053
164
164
164
164
